feature, depth, lr, col_sampl, data_samp


2-9-12, 12, 0.05, 0.7, 0.8
[1153.9678164114816, 1134.3105195845412, 1148.6743303898709, 1144.0690388005953]
Load model: 0.08 seconds
1146.38153645


2, 12, 0.05, 0.8, 0.8
[1149.4937352345971, 1139.3606892958387, 1154.7765441757685, 1148.6500586433031]
Load model: 0.07 seconds
1135.71191051

raw, 12, 0.05, 0.8, 0.8
[1143.032631556661, 1157.5153867197985, 1136.252196949984, 1154.4999541237346]
Load model: 0.10 seconds
1120.27773858

## new split
factcat + cont2onehot, 10, 0.03, 0.5, 0.7
[1144.6421386064781, 1147.2603820361155, 1134.2651988430346, 1139.4328617770402]
1133.42987285

factcat + cont2onehot, 8, 0.03, 0.5, 0.7
[1145.2473763089974, 1147.0577772978168, 1135.5681548658699, 1141.1756780159858]
1132.6664262

factcat + cont2onehot, 12, 0.03, 0.5, 0.7
[1144.3125980464993, 1148.7758726819663, 1132.8744231962094, 1140.0531007515942]
1132.52115082

factcat + cont2onehot, 14, 0.03, 0.5, 0.7
[1144.0511755766934, 1149.7310252802858, 1133.8909993218961, 1143.1386192019093]
1133.07650973

factcat + cont2onehot, 6, 0.03, 0.5, 0.7
[1146.5557471628476, 1149.6859829750231, 1132.9272779367841, 1138.8269870371587]
1134.81677397

factcat + cont2onehot, 11, 0.03, 0.5, 0.7
[1144.5206266343455, 1147.5142685885787, 1133.477848764024, 1140.9077649717765]
1132.30925975

factcat + cont2onehot, 9, 0.03, 0.5, 0.7
[1144.8933123053305, 1147.6761094576364, 1132.5911085463474, 1138.1974317876129]
1132.74764652

factcat + cont2onehot, 9, 0.03, 0.7, 0.7
[1150.1168133198635, 1141.5316798195613, 1128.3828629505529, 1136.2135491931692]
1161.90010913

factcat + cont2onehot, 9, 0.03, 0.6, 0.7
[1147.1839418201921, 1139.8893282796705, 1130.2419579828056, 1137.3955881619681]
1160.76559517

factcat + cont2onehot, 9, 0.03, 0.5, 0.7
[1148.2417259187068, 1138.4159614673472, 1131.1623439811701, 1135.6626217020071]
1162.27478599

factcat + cont2onehot, 9, 0.03, 0.8, 0.7
[1150.6251408161663, 1141.0654046687905, 1130.5464729733199, 1137.1772426654904]
1163.34167029

factcat + cont2onehot, 9, 0.03, 0.6, 0.5
[1151.3535988181709, 1143.1659720284517, 1132.53246741419, 1138.134477807801]
1163.64881656

factcat + cont2onehot, 9, 0.03, 0.6, 0.9
[1148.8270046008629, 1140.4929203600052, 1128.7025761516963, 1138.6169459191321]
1162.54615778

factcat + cont2onehot, 9, 0.03, 0.6, 0.8
[1148.7765761232911, 1140.9275985022032, 1128.3642956095553, 1135.716777803671]
1160.92585045
[1148.7765761232911, 1140.9275985022032, 1128.3642956095553, 1135.716777803671]
1160.92585045

factcat + cont2onehot, 9, 0.03, 0.6, 0.8
[1148.4959496411736, 1141.7908782719869, 1130.9701033271281, 1136.2804362492368]
1163.59165601

factcat + cont2onehot, 10, 0.03, 0.6, 0.8
[1147.4592232223968, 1138.8924365540906, 1130.2638635741082, 1135.7291371495496]
1162.11478977

factcat + cont2onehot, 8, 0.03, 0.6, 0.8
[1147.4592232223968, 1138.8924365540906, 1130.2638635741082, 1135.7291371495496]
1162.11478977

factcat + cont2-7-14onehot, 9, 0.03, 0.6, 0.8
[1151.1473603173026, 1143.6807377706473, 1137.0809526409132, 1144.6271950241016]
1122.36765776


factcat + cont2onehot, NN
[1171.9823960878637, 1172.6786563176611, 1160.3742839146105, 1169.9865472918045]
1145.75683292

factcat + cont2onehot, NN
[1161.1035688463717, 1155.7015224985232, 1139.3438897619458, 1156.8181404867616]
1168.2439224

factcat + cont2onehot, NN
[1154.906227745417, 1151.2321362475814, 1139.3666612780057, 1147.4945380755344]
1168.87240579

factcat + cont2onehot, NN
[1157.709086128436, 1149.4458366339741, 1138.7872450140424, 1146.5708828898198]
1165.66991146



========================== split randomstate = 678
cont 2-7-14,  9, 0.03, 0.6, 0.8
mae of each fold:
[1135.7872034432746, 1152.9647111825482, 1150.3192286068536, 1145.2697663035174, 1135.892747992629]
1104.26690267

cont 2 lesscat,  12, 0.03, 0.6, 0.8
[1134.9138115593137, 1150.7215720152819, 1149.2708287429257, 1140.7797209869093, 1135.051846782311]
1102.5072799

cont 2 lesscat,  12, 0.03, 0.6, 0.8
[1133.4464195992336, 1147.074422384406, 1149.6635914569681, 1143.810394357595, 1135.4288559456361]
1099.92448854

cont 2-7-14 lesscat,  12, 0.03, 0.6, 0.8
[1135.7872034432746, 1152.9647111825482, 1150.3192286068536, 1145.2697663035174, 1135.892747992629]
1104.26690267

cont 2 lesscat NN
[1165.1551221593691, 1163.8310522664815, 1176.5240360302432, 1156.4107623645423]
1122.56595558

cont 2-7-14 lesscat,  11, 0.03, 0.6, 0.8
[1135.8025543957813, 1151.7638431274929, 1150.6299233495672, 1145.1811530173541, 1136.1178459836342]
1101.64627753

cont 2 lesscat,  11, 0.03, 0.6, 0.8
[1132.2207479876224, 1149.8520709707332, 1147.5974046977826, 1143.6653938602387, 1134.1967559018165]
1099.27974486

raw lesscat,  11, 0.03, 0.6, 0.8
[1132.7341978641418, 1149.7897382817414, 1150.3409545319817, 1143.5065316069993, 1135.0331848075614]
1099.93828116

factcat_cont_wo_norm_add_dm, 8, 0.03, 0.6, 0.8
[1140.3997415843023, 1159.4622924121004, 1156.5735414723822, 1148.3111529551934, 1143.6232004033575]
1109.70945906

raw lesscat,  12, 0.03, 0.6, 0.8
[1133.5852686923797, 1150.8154146385409, 1152.6700611068018, 1144.7375392489148, 1137.0557770002608]
1100.65763324 LB(1114)

factcat_cont_wo_norm_add_dm, 12, 0.03, 0.6, 0.8
[1144.0487228932329, 1161.5801033569585, 1161.8832832843914, 1151.1781509042892, 1148.6134292080208]
1107.94918159

raw lesscat,  10, 0.03, 0.6, 0.8
[1134.0616834962741, 1149.120613339097, 1149.0604988670457, 1139.5198799466109, 1133.8382128485248]
1099.89446699

cont 2 lesscat,  10, 0.03, 0.6, 0.8
[1133.3639461267794, 1149.7403174041692, 1148.8345512567032, 1143.1936165241648, 1131.7127283842067]
1099.1827706
